0.0470806451612903
0.0521249999999999
0.0540555555555555
0.0576
0.06
0.0624
0.0634565217391304
0.0648
0.066340909090909
0.0672
0.0696
0.072
0.0744
0.0768
0.0791999999999999
0.0810833333333333
0.0815999999999999
0.0839999999999999
0.0858529411764705
0.0863999999999999
0.0887999999999999
0.0911999999999999
0.0912187499999999
0.0936
0.096
0.0973
0.0984
0.1008
0.1032
0.1042499999999999
0.1056
0.108
0.1104
0.1122692307692307
0.1128
0.1152
0.1176
0.12
0.121625
0.1224
0.1248
0.1272
0.1296
0.1326818181818181
0.1392
0.144
0.14595
0.1488
0.1512
0.1621666666666666
0.1679999999999999
0.1704
0.1727999999999999
0.2087999999999999
0.2183999999999999
0.2304
0.2904
0.8579571693548388
1.0363237424242424
1.0457992286363638
1.3246729350000002
1.3285390950000002
1.3376290282663152
1.5204
1.5972643649999998
1.629
1.7133483713621265
1.7187876643951168
1.7376
1.7399751818272426
1.74258474
1.78014405
1.78931532
1.7987743800000002
1.81905
1.9548
1.9716547575
2.0405121900000003
2.39209800122449
2.412197597777778
2.4662927731349784
2.4867613275
2.4948173188235296
2.594779475985313
2.613484463941249
2.629784507547169
2.676412906100386
2.7223887107142866
2.9644948142583734
2.977029546428572
2.9878146503225804
3.0167502659090912
3.0231256305681824
3.0831514514956018
3.1058686781818183
3.172142476363636
3.1824413502304147
3.224983200587516
3.2338802057142857
3.334899542790698
3.34267044
3.343692155581396
3.3585405342857144
3.3676855831274133
3.405014730654686
3.445684609736842
3.448531986818182
3.502873422077923
3.536738030806452
3.553862567532468
3.5797385468181817
3.665351234605263
3.7265579837322735
3.736234164707884
3.7725972525
3.785670335689656
3.9003225
3.960601190404412
3.9810098
4.022632882758621
4.038860509655172
4.072255085845589
4.099308237843388
4.185775460000001
4.250808420408163
4.256578277419355
4.257634189243698
4.3288137
4.35254890875
4.35299646075
4.442686733076924
4.569648080171391
4.635569880135748
4.861125101379311
4.924586095238095
4.925934655682159
4.932866275476191
5.0166879600000005
5.0299918027789055
5.042542372881356
5.042632125882354
5.0507952000000005
5.101057672987013
5.12948275862069
5.1436218642857146
5.212071216428572
5.219473684210526
5.2440938524324325
5.294334166917294
5.305505545000001
5.312678571428571
5.361377095092165
5.373019947272727
5.407587438732719
5.409272727272728
5.4884037201398606
5.509444444444444
5.527734798620691
5.572271826923076
5.613396226415095
5.623906208571428
5.689507065000001
5.721346153846154
5.7872400251612905
5.8399451534482765
5.84994007448276
5.950200000000001
5.954549915454546
5.960971404130435
6.005723744928231
6.03678237
6.071632653061224
6.076759943534484
6.106322792307692
6.122729637670808
6.168642275625
6.198125
6.320847309395606
6.330000000000001
6.331330965378151
6.372832987252747
6.376420527362638
6.377725310530504
6.397569699426524
6.467608695652174
6.484951265555556
6.489534222527473
6.5016590700000005
6.5581247303225805
6.58973886768473
6.591810227866995
6.669878286386807
6.70805682
6.753393352197803
6.76159090909091
6.7739630700000015
6.774521580879121
6.84143193
6.855467967857143
6.859372919999999
6.918837209302326
6.997726814285714
7.049061381538461
7.066372859196428
7.08221799
7.083571428571429
7.14639160137931
7.17298669862069
7.22950284107946
7.250231614092954
7.256341463414635
7.3640088664285726
7.3813653825
7.38810016
7.396780205833334
7.4247592
7.43557164
7.43775
7.628461538461539
7.639498974285714
7.72046571
7.747282637500001
7.7655767615
7.775361276149069
7.82921052631579
7.92323001
8.040810810810811
8.223460552173913
8.223906712173912
8.264166666666668
8.348870167894736
8.371970602591093
8.37477993
8.391211324973263
8.437077328739496
8.500285714285715
8.526846878928572
8.528116358928571
8.565827641785713
8.57655333579832
8.617678635
8.630660118928573
8.682673495882353
8.696331744761906
8.712073170731708
8.721478975882354
8.750294117647059
8.929875000000001
9.010980938181818
9.015454545454546
9.158846153846154
9.2971875
9.34128714225
9.399868421052632
9.409992538636365
9.465916731762016
9.527247940909092
9.579767994545456
9.597096774193547
9.65391891891892
9.687726984782609
9.7103818275
9.726255932608696
9.740093785434784
9.917
9.922083333333337
10.205571428571428
10.25896551724138
10.321892792773111
10.42511988264706
10.505735294117647
10.625357142857142
10.82409090909091
11.018888888888888
11.16234375
11.442692307692308
11.52241935483871
11.7965097825
11.9004
11.9065
12.317068965517244
12.39625
12.729893536704546
12.756964285714284
12.908519570328949
12.935217391304349
12.93787464
13.229444444444445
13.41465088282895
13.508126162857144
13.52318181818182
13.73826923076923
14.167142857142858
14.2878
14.8755
14.883125
15.530217391304348
15.65842105263158
16.236136363636366
16.528333333333336
17.009285714285717
17.500588235294117
17.859750000000002
18.594375
18.799736842105265
19.834
19.84416666666667
21.01147058823529
21.250714285714285
22.3246875
22.885384615384616
23.813
24.7925
25.51392857142857
27.04636363636364
29.751
33.05666666666667
37.18875
42.50142857142857
