0.0
21.6301
21.7381
22.0
22.4407
22.7066
23.0
23.3059
23.9556
23.9872
24.0
24.003
24.0484
24.0997
24.1353
24.3182
24.3921
24.4045
24.4168
24.5074
24.6292
24.6797
24.6923
24.864
24.9941
25.0
25.1007
25.1567
25.1861
25.2756
25.6464
25.6663
25.79
25.8039
25.894
25.9157
25.9849
26.0
26.1117
26.1685
26.1827
26.2255
26.2289
26.2638
26.3115
26.398
26.427
26.4997
26.521
26.5605
26.5621
26.5728
26.6268
26.6482
26.6635
26.75
26.8096
26.8202
26.8395
26.853
26.8544
26.9597
26.9713
27.0
27.0202
27.0856
27.0962
27.1559
27.1563
27.162
27.265
27.2805
27.2826
27.3891
27.3917
27.4203
27.5143
27.537
27.6222
27.6291
27.7043
27.7481
27.83
27.8324
27.8485
27.8495
27.9274
27.9454
27.9552
27.9807
28.0
28.0574
28.1744
28.1909
28.2239
28.257
28.3355
28.3552
28.3903
28.5739
28.5757
28.6209
28.6345
28.6607
28.6767
28.7806
28.8151
28.8669
28.9266
29.0
29.18
29.2505
29.2705
29.3061
29.3248
29.3322
29.3419
29.3528
29.3612
29.4495
29.4676
29.6673
29.6678
29.7114
29.77
30.0
30.0187
30.0677
30.075
30.1314
30.2587
30.2857
30.3154
30.3785
30.4428
30.5714
30.5909
30.6004
30.6883
30.7471
30.7938
30.9888
31.0
31.0245
31.0645
31.0865
31.1047
31.1449
31.2196
31.2857
31.3928
31.409
31.4628
31.5714
31.5913
31.5945
31.6309
31.7143
31.8011
31.8963
31.9297
31.9721
32.0
32.1214
32.1858
32.2074
32.2473
32.2505
32.2586
32.2857
32.3154
32.3367
32.3371
32.4024
32.4286
32.5651
32.6441
32.7143
32.846
32.8893
32.8914
32.9524
33.0
33.1187
33.2298
33.2528
33.3449
33.3843
33.5874
33.6343
33.6814
33.7629
33.7658
33.7895
33.857
33.8571
33.8674
33.8846
33.9085
33.9563
33.9802
34.0
34.0042
34.1335
34.163
34.2325
34.3216
34.3531
34.3683
34.5273
34.5409
34.5728
34.5905
34.6154
34.6652
34.6902
34.7143
34.7687
34.9419
35.0
35.0182
35.0948
35.2489
35.4286
35.5714
35.6403
35.7113
35.7195
35.8461
35.8761
35.906
35.9819
35.985
36.0
36.0189
36.1486
36.4491
36.5326
36.662
36.7331
36.9723
37.0
37.0366
37.2623
37.3296
37.4286
37.4417
37.544
37.5563
37.5621
37.5658
37.6466
37.7056
37.8586
37.8651
37.9623
38.0
38.0273
38.0795
38.275
38.2857
38.3055
38.5496
38.6731
38.752
38.866
38.9521
38.9742
39.0
39.0509
39.1176
39.1351
39.1472
39.277
39.4349
39.4672
39.4851
39.6698
39.7934
39.8664
40.0
40.0786
40.1927
40.2646
40.3247
40.4233
40.4622
40.4962
40.7575
40.7958
40.8174
40.8744
40.9354
41.0
41.0136
41.0514
41.2352
41.2771
41.4372
41.5725
41.607
41.7598
41.9331
41.9791
41.9933
41.9978
42.0
42.0959
42.126
42.1629
42.2035
42.2368
42.3512
42.4396
42.5353
42.5586
42.6484
42.7918
42.8
42.8381
42.8949
42.8983
42.9062
42.9527
43.0
43.0871
43.1455
43.1839
43.2857
43.3371
43.3383
43.4175
43.494
43.8525
43.8894
43.9613
44.0
44.1063
44.2857
44.2962
44.4406
44.4774
44.4798
44.4877
44.5009
44.5833
44.6664
45.0
45.0843
45.3207
45.3828
45.5966
45.6188
45.686
45.7265
45.8571
46.0
46.0766
46.0849
46.1429
46.1649
46.1805
46.5566
46.7379
46.8385
47.0
47.1135
47.1228
47.2423
47.2522
47.7617
48.0
48.6364
49.0
49.0149
49.4861
49.6904
49.7417
50.0
50.1041
50.3661
51.0
51.5189
53.0
53.0138
54.0
54.1498
54.2717
55.0
56.0
57.0
57.2533
57.5853
58.0
59.0
60.0
61.0
61.7
62.0
63.0
64.0
65.0
66.0
67.0
68.0
69.0
70.0
71.0
72.0
73.0
74.0
75.0
76.0
77.0
79.0
80.0
87.0
90.0
96.0
122.0
