-38500.0
-32500.0
-28000.0
-24250.0
-24000.0
-21000.0
-20250.0
-18500.0
-17250.0
-16500.0
-15000.0
-14750.0
-14500.0
-13000.0
-12500.0
-12250.0
-11500.0
-11250.0
-10750.0
-10250.0
-9750.0
-9500.0
-9250.0
-8750.0
-8500.0
-8250.0
-8000.0
-7750.0
-7500.0
-7250.0
-7000.0
-6750.0
-6500.0
-6250.0
-6000.0
-5750.0
-5500.0
-5250.0
-5000.0
-4750.0
-4500.0
-4250.0
-4000.0
-3750.0
-3500.0
-3250.0
-3000.0
-2750.0
-2500.0
-2250.0
-2000.0
-1750.0
-1500.0
-1250.0
-1000.0
-750.0
-500.0
-250.0
0.0
250.0
500.0
750.0
1000.0
1250.0
1500.0
1750.0
2000.0
2250.0
2500.0
2750.0
3000.0
3250.0
3500.0
3750.0
4000.0
4250.0
4500.0
4750.0
5000.0
5250.0
5500.0
5750.0
6000.0
6250.0
6500.0
6750.0
9500.0
